-0.083
4.990
9.982
14.974
19.967
24.961
29.956
34.952
39.951
44.948
49.946
54.944
59.942
64.941
69.941
74.942
79.943
84.946
89.948
94.962
99.971
105.139
110.136
115.122
120.102
125.082
130.063
135.064
140.040
145.017
149.995
154.978
159.956
164.935
169.910
174.884
179.878
184.970
189.994
194.974
199.952
204.934
209.964
214.935
219.909
224.889
229.900
234.992
239.983
244.977
249.957
255.019
260.005
264.992
269.982
274.970
279.960
284.952
289.947
294.943
299.940
304.939
309.938
314.937
319.937
324.935
329.936
334.937
339.938
344.941
349.946
0.000
0.000
