315.6049
311.3831
311.7476
312.3511
313.1736
314.1917
315.3798
316.7097
314.7979
316.3264
317.9545
319.6688
321.4574
323.3018
325.1748
327.0384
328.8417
330.5170
331.9447
332.2417
333.7056
325.1238
315.6725
313.0970
310.8450
308.9956
307.5420
304.8900
303.6783
303.0547
302.9784
302.4888
303.4793
302.1531
304.0842
306.7142
309.8521
307.0240
306.4312
307.4336
308.9837
311.0536
308.0683
309.4777
311.4417
313.6712
316.0670
314.6933
315.2454
315.9867
315.9580
313.0051
313.8452
315.2365
316.8940
318.9578
321.3324
323.9286
326.6733
329.5080
332.3823
335.2500
338.0658
340.8095
343.5608
345.9331
348.8730
352.2534
356.1408
360.5511
365.4459
362.7392
363.9174
